day,date,tests_accum,tests_today,tested_accum,tested_today,infected_accum,infected_today,dead_accum,dead_today,recovered_accum,recovered_today,active,hospitalized_now,hospitalized_change,hospitalized_admitted,icu_now,icu_change,respirator_now,respirator_change
0,2020-02-24,,,0,0,0,0,0,0,0,0,0,0,0,0,0,0,0,0
1,2020-02-25,,,0,0,0,0,0,0,0,0,0,0,0,0,0,0,0,0
2,2020-02-26,,,0,0,0,0,0,0,0,0,0,0,0,0,0,0,0,0
3,2020-02-27,,,0,0,1,1,0,0,0,0,1,0,0,0,0,0,0,0
4,2020-02-28,,,0,0,1,0,0,0,0,0,1,0,0,0,0,0,0,0
5,2020-02-29,,,0,0,3,2,0,0,0,0,3,0,0,0,0,0,0,0
6,2020-03-01,,,0,0,4,1,0,0,0,0,4,0,0,1,0,0,0,0
7,2020-03-02,,,358,358,4,0,0,0,0,0,4,0,0,0,0,0,0,0
8,2020-03-03,,,409,51,6,2,0,0,0,0,6,0,0,1,0,0,0,0
9,2020-03-04,,,484,75,10,4,0,0,0,0,10,0,0,0,0,0,0,0
10,2020-03-05,,,557,73,10,0,0,0,0,0,10,0,0,1,0,0,0,0
11,2020-03-06,,,649,92,23,13,0,0,0,0,23,0,0,4,0,0,0,0
12,2020-03-07,,,773,124,23,0,0,0,0,0,23,0,0,0,0,0,0,0
13,2020-03-08,,,898,125,35,12,0,0,0,0,35,0,0,3,0,0,0,0
14,2020-03-09,,,1022,124,90,55,0,0,0,0,90,6,6,10,0,0,0,0
15,2020-03-10,,,1602,580,262,172,0,0,0,0,262,7,1,15,0,0,0,0
16,2020-03-11,,,2761,1159,340,78,1,1,0,0,339,11,4,10,2,2,0,0
17,2020-03-12,,,3038,277,674,334,1,0,0,0,673,16,5,18,3,1,0,0
18,2020-03-13,,,3747,709,801,127,1,0,0,0,800,22,6,26,4,1,0,0
19,2020-03-14,,,4446,699,827,26,2,1,0,0,825,25,3,24,3,-1,0,0
20,2020-03-15,,,5076,630,864,37,4,2,0,0,860,28,3,33,2,-1,0,0
21,2020-03-16,,,5749,673,898,34,5,1,0,0,893,62,34,45,10,8,2,2
22,2020-03-17,,,6917,1168,977,79,6,1,7,7,964,82,20,47,18,8,4,2
23,2020-03-18,,,7854,937,1057,80,9,3,11,4,1037,129,47,47,24,6,18,14
24,2020-03-19,,,9041,1187,1151,94,14,5,18,7,1119,153,24,50,30,6,27,9
25,2020-03-20,,,10730,1689,1255,104,18,4,33,15,1204,186,33,63,37,7,32,5
26,2020-03-21,,,11657,927,1326,71,21,3,61,28,1244,206,20,33,42,5,35,3
27,2020-03-22,,,12351,694,1395,69,24,3,111,50,1260,232,26,41,46,4,40,5
28,2020-03-23,,,12938,587,1460,65,24,0,190,79,1246,254,22,84,55,9,47,7
29,2020-03-24,,,13988,1050,1591,131,32,8,299,109,1260,301,47,72,69,14,58,11
30,2020-03-25,,,14959,971,1724,133,34,2,429,130,1261,350,49,95,87,18,76,18
31,2020-03-26,,,16197,1238,1877,153,41,7,564,135,1272,386,36,83,94,7,78,2
32,2020-03-27,,,17493,1296,2046,169,52,11,684,120,1310,430,44,89,109,15,89,11
33,2020-03-28,,,18810,1317,2201,155,65,13,781,97,1355,459,29,82,121,12,104,15
34,2020-03-29,,,20198,1388,2395,194,72,7,856,75,1467,499,40,51,131,10,113,9
35,2020-03-30,,,21640,1442,2577,182,77,5,856,0,1644,533,34,69,137,6,119,6
36,2020-03-31,,,24175,2535,2860,283,90,13,856,0,1914,529,-4,51,145,8,131,12
37,2020-04-01,,,27109,2934,3107,247,104,14,894,38,2109,535,6,58,146,1,129,-2
38,2020-04-02,,,30448,3339,3386,279,123,19,1089,195,2174,525,-10,74,153,7,138,9
39,2020-04-03,,,35668,5220,3757,371,139,16,1093,4,2525,517,-8,72,143,-10,116,-22
40,2020-04-04,,,39928,4260,4077,320,161,22,1283,190,2633,507,-10,44,142,-1,112,-4
41,2020-04-05,,,43734,3806,4369,292,179,18,1327,44,2863,504,-3,35,144,2,107,-5
42,2020-04-06,,,47340,3606,4681,312,187,8,1378,51,3116,503,-1,50,139,-5,108,1
43,2020-04-07,,,52666,5326,5071,390,203,16,1491,113,3377,472,-31,56,127,-12,103,-5
44,2020-04-08,,,58097,5431,5402,331,218,15,1621,130,3563,453,-19,28,127,0,103,0
45,2020-04-09,,,62210,4113,5635,233,237,19,1736,115,3662,433,-20,34,120,-7,100,-3
46,2020-04-10,,,64731,2521,5819,184,247,10,1773,37,3799,401,-32,33,113,-7,95,-5
47,2020-04-11,,,67771,3040,5996,177,260,13,1955,182,3781,408,7,31,106,-7,90,-5
48,2020-04-12,,,70125,2354,6174,178,273,13,2123,168,3778,396,-12,27,104,-2,85,-5
49,2020-04-13,,,72099,1974,6318,144,285,12,2235,112,3798,388,-8,30,100,-4,87,2
50,2020-04-14,,,74210,2111,6511,193,299,14,2515,280,3697,380,-8,45,93,-7,80,-7
51,2020-04-15,,,77712,3502,6681,170,309,10,2748,233,3624,362,-18,30,89,-4,75,-5
52,2020-04-16,,,82380,4668,6879,198,321,12,3023,275,3535,353,-9,33,92,3,72,-3
53,2020-04-17,,,87024,4644,7073,194,336,15,3389,366,3348,350,-3,27,93,1,74,2
54,2020-04-18,,,91437,4413,7242,169,346,10,3847,458,3049,317,-33,27,87,-6,76,2
55,2020-04-19,,,94277,2840,7384,142,355,9,4141,294,2888,319,2,33,84,-3,73,-3
56,2020-04-20,,,96244,1967,7515,131,364,9,4312,171,2839,336,17,33,84,0,72,-1
57,2020-04-21,,,100543,4299,7695,180,370,6,4700,388,2625,335,-1,38,81,-3,72,0
58,2020-04-22,,,108465,7922,7912,217,384,14,5087,387,2441,324,-11,28,80,-1,68,-4
59,2020-04-23,,,116621,8156,8073,161,394,10,5384,297,2295,319,-5,32,74,-6,61,-7
60,2020-04-24,,,125329,8708,8210,137,403,9,5526,142,2281,320,1,23,69,-5,58,-3
61,2020-04-25,,,136738,11409,8445,235,418,15,5669,143,2358,290,-30,27,70,1,56,-2
62,2020-04-26,,,146915,10177,8575,130,422,4,5805,136,2348,285,-5,26,70,0,56,0
63,2020-04-27,,,155810,8895,8698,123,427,5,5959,154,2312,310,25,21,72,2,55,-1
64,2020-04-28,,,166846,11036,8851,153,434,7,6121,162,2296,284,-26,15,66,-6,50,-5
65,2020-04-29,,,180062,13216,9008,157,443,9,6366,245,2199,267,-17,15,66,0,50,0
66,2020-04-30,,,193165,13103,9158,150,452,9,6546,198,2160,255,-12,15,62,-4,50,0
67,2020-05-01,,,206576,13411,9311,153,460,8,6729,165,2122,249,-6,16,61,-1,44,-6
68,2020-05-02,,,221912,15336,9407,96,475,15,6889,160,2043,232,-17,24,60,-1,44,0
69,2020-05-03,,,233799,11887,9523,116,484,9,6987,98,2052,243,11,16,62,2,46,2
70,2020-05-04,,,244791,10992,9670,147,493,9,7088,101,2089,252,9,14,57,-5,45,-1
71,2020-05-05,,,257738,12947,9821,151,503,10,7296,208,2022,228,-24,16,49,-8,39,-6
72,2020-05-06,,,270680,12942,9938,117,506,3,7493,197,1939,209,-19,6,46,-3,41,2
73,2020-05-07,,,284480,13800,10083,145,514,8,7711,218,1858,199,-10,15,43,-3,39,-2
74,2020-05-08,,,298488,14008,10218,135,522,8,7927,216,1769,205,6,9,42,-1,35,-4
75,2020-05-09,,,308984,10496,10319,101,526,4,8093,166,1700,194,-11,10,39,-3,32,-3
76,2020-05-10,,,317834,8850,10429,110,529,3,8217,124,1683,196,2,10,40,1,33,1
77,2020-05-11,,,326560,8726,10513,84,533,4,8328,111,1652,198,2,8,43,3,33,0
78,2020-05-12,,,334260,7700,10591,78,527,-6,8580,252,1484,177,-21,8,43,0,32,-1
79,2020-05-13,,,345712,11452,10667,76,533,6,8663,83,1471,164,-13,6,37,-6,32,0
80,2020-05-14,,,357986,12274,10713,46,537,4,8805,142,1371,147,-17,13,35,-2,28,-4
81,2020-05-15,419000,,368889,10903,10791,78,537,0,8959,154,1295,137,-10,17,32,-3,26,-2
82,2020-05-16,444562,13729,379482,10593,10858,67,543,6,9107,148,1208,140,3,5,28,-4,22,-4
83,2020-05-17,455613,11051,388703,9221,10927,69,547,4,9227,120,1153,133,-7,4,27,-1,21,-1
84,2020-05-18,463016,7403,394394,5691,10968,41,548,1,9301,74,1119,144,11,14,26,-1,21,0
85,2020-05-19,475096,19483,402194,7800,11044,76,551,3,9416,115,1077,141,-3,7,25,-1,18,-3
86,2020-05-20,490782,15686,412051,9857,11117,73,554,3,9536,115,1027,127,-14,7,25,0,16,-2
87,2020-05-21,504266,15775,425101,13050,11182,65,561,7,9643,107,978,127,0,6,25,0,16,0
88,2020-05-22,514765,10499,433971,8870,11230,48,561,0,9764,121,905,119,-3,13,23,0,19,1
89,2020-05-23,526285,11520,442650,8679,11289,59,561,0,9836,72,892,118,-1,9,19,-4,16,-3
90,2020-05-24,537742,11457,451450,8800,11360,71,562,1,9900,64,898,115,-3,2,21,2,17,1
91,2020-05-25,546621,8879,458305,6855,11387,27,563,1,9964,64,860,116,1,6,20,-1,16,-1
92,2020-05-26,559454,12924,467009,8704,11428,41,563,0,10044,80,821,112,-4,11,23,3,14,-2
93,2020-05-27,576061,16516,480239,13230,11480,52,565,2,10106,62,809,107,-5,7,22,-1,11,-3
94,2020-05-28,583052,6991,484482,4243,11512,32,568,3,10180,74,764,110,3,5,20,-2,11,0
95,2020-05-29,606574,23522,504543,20061,11593,81,568,0,10240,60,785,106,-4,9,18,-2,10,-1
96,2020-05-30,618860,12286,514467,9924,11633,40,571,3,10327,87,735,100,-6,7,20,2,11,1
97,2020-05-31,628965,10105,522594,8127,11669,36,574,3,10362,35,733,98,-2,4,20,0,10,-1
98,2020-06-01,637738,8773,528982,6388,11699,30,576,2,10412,50,711,103,5,5,20,0,11,1
99,2020-06-02,646086,8348,534782,5800,11734,35,580,4,10489,77,665,99,-4,6,21,1,11,0
100,2020-06-03,657999,11913,542895,8113,11771,37,580,0,10552,63,639,100,1,3,20,-1,10,-1
101,2020-06-04,671558,13559,552888,9993,11811,40,582,2,10620,68,609,97,-3,5,17,-3,8,-2
102,2020-06-05,684557,12999,562905,10017,11875,64,586,4,10653,33,636,85,-12,9,17,0,10,2
103,2020-06-06,696334,11777,571832,8927,11924,49,587,1,10721,68,616,81,-4,2,15,-2,9,-1
104,2020-06-07,706442,10108,579400,7568,11948,24,589,2,10755,34,604,75,-6,4,15,0,9,0
105,2020-06-08,715100,8658,585024,5624,11962,14,593,4,10792,37,577,79,4,4,16,1,7,-2
106,2020-06-09,730924,15824,594790,9766,12001,39,593,0,10849,57,559,73,-6,1,15,-1,5,-2
107,2020-06-10,739575,8651,602118,7328,12016,15,593,0,10904,55,519,71,-2,1,17,-1,7,2
108,2020-06-11,749467,9892,609672,7554,12035,19,593,0,10955,51,487,63,-8,1,14,-3,7,0
109,2020-06-12,771881,22414,627155,17483,12099,64,594,1,10993,38,512,63,0,6,14,0,7,0
110,2020-06-13,786198,14317,637701,10546,12139,40,597,3,11035,42,507,54,-9,4,11,-3,5,-2
111,2020-06-14,799876,13678,648326,10625,12193,54,597,0,11068,33,528,55,1,1,11,0,5,0
112,2020-06-15,810838,10962,656418,8092,12217,24,598,1,11090,22,529,58,3,2,10,-1,4,-1
113,2020-06-16,823249,12411,664603,8185,12250,33,598,0,11125,35,527,60,2,6,9,-1,4,0
114,2020-06-17,840721,17472,677270,12667,12294,44,598,0,11185,60,511,39,-4,5,6,-2,4,0
115,2020-06-18,859514,18793,691419,14149,12344,50,600,2,11242,57,502,38,-1,2,6,0,3,-1
116,2020-06-19,876344,16830,704269,12850,12391,47,600,0,11282,40,509,37,0,4,6,0,2,-1
117,2020-06-20,876344,0,704269,0,12391,0,600,0,11282,0,509,37,0,4,6,0,2,0
118,2020-06-21,876344,0,704269,0,12391,0,600,0,11282,0,509,37,0,4,6,0,2,0
119,2020-06-22,923893,47549,738916,34647,12527,136,602,2,11347,65,578,37,0,5,7,1,4,2
120,2020-06-23,939386,15493,749603,10687,12561,34,603,1,11393,46,565,32,-5,4,8,1,5,1
121,2020-06-24,960076,20690,765002,15399,12615,54,603,0,11422,29,590,33,1,5,8,0,4,-1
122,2020-06-25,981082,21006,780330,15328,12636,21,603,0,11460,38,573,36,3,5,9,1,4,0
123,2020-06-26,998736,17654,793499,13169,12675,39,604,1,11508,48,563,31,-5,1,11,2,4,0
124,2020-06-27,998736,0,793499,0,12675,0,604,0,11508,0,563,31,0,4,11,0,4,0
125,2020-06-28,998736,0,793499,0,12675,0,604,0,11508,0,563,31,0,6,11,0,4,0
126,2020-06-29,1040047,41311,822264,28765,12751,76,605,1,11612,104,534,35,4,2,9,-2,4,0
127,2020-06-30,1053453,13406,831196,8932,12768,17,605,0,11649,37,514,32,-3,0,10,1,4,0
128,2020-07-01,1071479,18026,843483,12287,12794,26,606,1,11693,44,495,29,-3,2,11,1,4,0
129,2020-07-02,1088788,17309,855637,12154,12815,21,606,0,11769,76,440,29,0,4,9,-2,5,1
130,2020-07-03,1106377,17589,868185,12548,12832,17,606,0,11817,48,409,27,-2,1,6,-3,4,-1
131,2020-07-04,1106377,0,868185,0,12832,0,606,0,11817,0,409,27,0,0,6,0,4,0
132,2020-07-05,1106377,0,868185,0,12832,0,606,0,11817,0,409,27,0,2,6,0,4,0
133,2020-07-06,1145221,38844,894073,25888,12878,46,607,1,11935,118,336,23,-4,2,7,1,4,0
134,2020-07-07,1157601,12380,902129,8056,12888,10,609,2,11983,48,296,17,-6,2,5,-2,4,0
135,2020-07-08,1174919,17318,913373,11244,12900,12,609,0,12001,18,290,18,1,1,5,0,4,0
136,2020-07-09,1191302,16383,924644,11271,12916,16,609,0,12045,44,262,18,0,3,5,0,4,0
137,2020-07-10,1206863,15561,935053,10409,12946,30,609,0,12077,32,260,17,-1,3,4,-1,4,0
138,2020-07-11,1206863,0,935053,0,12946,0,609,0,12077,0,260,17,0,5,4,0,4,0
139,2020-07-12,1206863,0,935053,0,12946,0,609,0,12077,0,260,17,0,0,4,0,4,0
140,2020-07-13,1244789,37926,960821,25768,13037,91,610,1,12130,53,297,18,1,0,6,2,3,-1
141,2020-07-14,1257157,12368,968455,7634,13061,24,610,0,12160,30,291,17,-1,3,6,0,3,0
142,2020-07-15,1276389,19232,981280,12825,13092,31,610,0,12182,22,300,19,2,3,6,0,3,0
143,2020-07-16,1290888,14499,991101,9821,13124,32,610,0,12195,13,319,17,-2,1,5,-1,3,0
144,2020-07-17,1306743,15855,1001512,10411,13173,49,611,1,12209,14,353,20,3,3,5,0,3,0
145,2020-07-18,1306743,0,1001512,0,13173,0,611,0,12209,0,353,20,0,2,5,0,3,0
146,2020-07-19,1306743,0,1001512,0,13173,0,611,0,12209,0,353,20,0,2,5,0,3,0
147,2020-07-20,1333797,27054,1019131,17619,13262,89,611,0,12251,42,400,18,-2,3,3,-2,2,-1
148,2020-07-21,1354882,21084,1032598,13467,13302,40,611,0,12261,10,430,18,0,2,4,1,2,0
149,2020-07-22,1372419,17537,1044211,11613,13350,48,611,0,12274,13,465,16,-2,4,4,0,3,1
150,2020-07-23,1391957,19538,1057333,13122,13390,42,612,1,12299,25,479,19,3,1,3,-1,3,0
151,2020-07-24,1411757,19800,1070653,13320,13438,48,613,1,12340,41,485,16,-3,2,3,0,3,0
152,2020-07-25,1411757,0,1070653,0,13438,0,613,0,12340,0,485,16,0,5,3,0,3,0
153,2020-07-26,1411757,0,1070653,0,13438,0,613,0,12340,0,485,16,0,2,3,0,3,0
154,2020-07-27,1455354,43597,1098535,27882,13547,109,613,0,12417,77,517,23,7,3,3,0,3,0
155,2020-07-28,1470568,15214,1107638,9103,13577,30,613,0,12451,34,513,22,-1,2,3,0,3,0
156,2020-07-29,1491115,20547,1120675,13037,13634,57,614,1,12485,34,535,21,-1,6,3,0,3,0
157,2020-07-30,1511767,20652,1134443,13758,13725,91,615,1,12526,41,584,18,-3,5,3,0,2,-2
158,2020-07-31,1532427,20660,1147765,13332,13789,64,615,0,12578,52,596,18,0,3,3,0,2,0
159,2020-08-01,1532427,0,1147765,0,13789,0,615,0,12578,0,596,18,0,4,3,0,2,0
160,2020-08-02,1532427,0,1147765,0,13789,0,615,0,12578,0,596,18,0,2,3,0,2,0
161,2020-08-03,1587403,54976,1182260,34495,13996,207,616,1,12682,104,698,24,6,7,2,-1,2,0
162,2020-08-04,1605991,18588,1193168,10908,14073,77,616,0,12715,33,742,24,0,5,3,1,2,0
163,2020-08-05,1629692,23701,1207838,14670,14185,112,616,0,12753,38,816,23,-1,7,2,-1,2,0
164,2020-08-06,1654512,24820,1223486,15648,14306,121,617,1,12787,34,902,24,1,3,2,0,2,0
165,2020-08-07,1680226,25714,1239335,15849,14442,136,617,0,12840,53,985,25,1,5,2,0,2,0
166,2020-08-08,1680226,0,1239335,0,14442,0,617,0,12840,0,985,25,0,3,2,0,2,0
167,2020-08-09,1680226,0,1239335,0,14442,0,617,0,12840,0,985,25,0,2,2,0,2,0
168,2020-08-10,1755433,75207,1286375,47040,14815,373,620,3,12925,85,1270,23,-2,3,2,0,2,0
169,2020-08-11,1780284,24851,1301236,14861,14959,144,621,1,12988,63,1350,20,-3,3,2,0,1,-1
170,2020-08-12,1804613,24329,1316041,14805,15070,111,621,0,13066,78,1383,16,-4,3,1,-1,0,-1
171,2020-08-13,1836246,31633,1335826,19785,15214,144,621,0,13131,65,1462,13,-3,3,1,0,0,0
172,2020-08-14,1869782,33536,1357855,22029,15379,165,621,0,13216,85,1542,14,1,5,1,0,0,0
173,2020-08-15,1869782,0,1357855,0,15379,0,621,0,13216,0,1542,14,0,2,1,0,0,0
174,2020-08-16,1869782,0,1357855,0,15379,0,621,0,13216,0,1542,14,0,5,1,0,0,0
175,2020-08-17,1966834,97052,1417864,60009,15740,361,621,0,13417,201,1702,16,2,8,1,1,1,1
176,2020-08-18,1994602,27768,1434458,16594,15855,115,621,0,13529,112,1705,18,2,1,1,0,1,0
177,2020-08-19,2029565,34963,1455017,20559,15940,85,621,0,13651,122,1668,16,-2,5,1,0,1,0
178,2020-08-20,2075156,45591,1482614,27597,16056,116,621,0,13769,118,1666,20,4,7,1,0,1,0
179,2020-08-21,2104747,29591,1500384,17770,16127,71,621,0,13944,175,1562,22,2,4,1,0,1,0
180,2020-08-22,2104747,0,1500384,0,16127,0,621,0,13944,0,1562,22,0,3,1,0,1,0
181,2020-08-23,2104747,0,1500384,0,16127,0,621,0,13944,0,1562,22,0,3,1,0,1,0
182,2020-08-24,2211377,106630,1565709,65325,16397,270,623,2,14310,366,1464,20,1,,3,1,2,1
